jails: 
  1: 
    world: survie_new
    x: -31.286243424870776
    y: 31.0
    z: 11.838989932357359
    yaw: 47.54419
    pitch: 15.149989
  2: 
    world: survie_new
    x: -31.407178777219656
    y: 31.0
    z: 3.7217890658973944
    yaw: 165.29504
    pitch: 52.650005
  3: 
    world: survie_new
    x: 63.32328833313879
    y: 74.0
    z: 4.726701003827847
    yaw: 76.7959
    pitch: 17.100018
