spawns: 
  default: 
    world: survie_new
    x: 6.5
    y: 29.0
    z: 6.5
    yaw: -180.00008
    pitch: -2.055915
  newbies: 
    world: survie_new
    x: 6.501456387866674
    y: 29.0
    z: 6.52036061798693
    yaw: -179.8498
    pitch: -1.6500067
  newbie: 
    world: survie_new
    x: 6.501456387866674
    y: 29.0
    z: 6.52036061798693
    yaw: -179.8498
    pitch: -1.6500067
  p2m2a2: 
    world: survie_new
    x: 5630.48228617912
    y: 110.53850164789773
    z: 834.6999999880791
    yaw: -43.97365
    pitch: 63.30001
