spawns: 
  default: 
    world: survie_new
    x: 6.5
    y: 29.0
    z: 6.5
    yaw: -180.00008
    pitch: -2.055915