spawns: 
  default: 
    world: survie_new
    x: 6.477394671995173
    y: 29.0
    z: 6.608621884335603
    yaw: -358.65027
    pitch: 2.1440887
