world: survie_new
x: -20.356609138959012
y: 74.0
z: -41.47891541465736
yaw: -181.02454
pitch: -1.9502443
name: arene
lastowner: cff68503-eea7-37b4-ab49-b24daa1fe811
