world: survie_new
x: 43.908999050659865
y: 30.0
z: 43.84061091526865
yaw: 315.7108
pitch: 1.2531877E-5
name: Enchantement
lastowner: cff68503-eea7-37b4-ab49-b24daa1fe811
