world: survie_new_the_end
x: -9.304636306099917
y: 66.0
z: -1.529412662276803
yaw: -54.601013
pitch: 3.5999932
name: end
lastowner: 56415987-0ceb-33f2-9316-1535dd9df2bf
