world: survie_new
x: 53.511186053971535
y: 62.0
z: 57.39190664153813
yaw: 323.36023
pitch: -7.800108
name: Magasin
lastowner: cff68503-eea7-37b4-ab49-b24daa1fe811
