world: survie_new
x: -42.64624366629194
y: 31.0
z: 36.15180534741366
yaw: -225.9269
pitch: -6.000078
name: Mage
lastowner: cff68503-eea7-37b4-ab49-b24daa1fe811
