world: survie_new_nether
x: 8.5
y: 55.0
z: -9.5
yaw: -268.29858
pitch: 8.250046
name: nether
lastowner: cff68503-eea7-37b4-ab49-b24daa1fe811
