world: survie_new_nether
x: 17.28003070180566
y: 42.0
z: -8.421945104798962
yaw: 314.99915
pitch: 31.20002
name: nether
lastowner: 56415987-0ceb-33f2-9316-1535dd9df2bf
